0.25 0.375 0.375 -0.50 0.25 0.25 0.50 -0.50
0.25 0.25 0.50 0.25 0.25 0.25 0.25 0.25 0.25 0.50 0.25 0.25 0.50
0.25 0.25 0.25 0.25 0.25 0.25 0.25 0.25 0.50 -0.50
0.25 0.375 0.375 -0.50 0.25 0.25 0.50 -0.50
0.25 0.25 0.50 0.25 0.25 0.25 0.25 0.50 0.50 0.50 0.25 0.25 
0.50 0.50 0.25 0.25 0.25 0.25 0.50 -0.50
0.25 0.375 0.375 -0.50 0.25 0.25 0.50 -0.50
0.25 0.25 0.50 0.25 0.25 0.25 0.25 0.25 0.25 0.50 0.25 0.25 0.50
0.25 0.25 0.25 0.25 0.25 0.25 0.25 0.25 0.50 -0.50
0.25 0.375 0.375 -0.50 0.25 0.25 0.50 -0.50
0.25 0.25 0.50 0.25 0.25 0.25 0.25 0.50 0.50 0.50 0.25 0.25 
0.50 0.50 0.25 0.25 0.25 0.25 0.50 -0.50