0.25 0.50 0.25
0.375 0.375 -0.25 0.50 0.50 0.50 0.25 0.50 0.25 0.25 0.25
0.25 0.25 0.50 0.25 0.375 0.375 0.50 0.375 0.375 0.25 0.50
-0.25 0.25 0.25 0.25 0.50 0.25 0.25 0.50 0.25 0.50 0.25 0.50
0.375 0.375 -0.25 0.25 0.25 0.50 0.50 0.375 0.375 0.25 0.25 0.25
-0.25 0.50 0.25 0.50 0.50 0.50 0.25 0.25 -0.25 0.25 0.50
0.25 0.25 0.50 0.25 0.25 0.50 0.50 0.25 0.25 -0.25 0.25 0.375 0.375
0.50 -0.25 0.5 0.5 0.375 0.375 0.25 -0.25 0.25 0.50
0.25 0.50 -0.25 0.50 0.50 0.375 0.375 0.25 -0.50 0.50 
0.50 0.25 0.5 0.5 0.25 -0.25 0.25 0.50 0.375 0.375 0.25
-0.25 0.25 0.50 0.50 0.25 0.25 -0.25 0.25 0.50 0.25 0.25 0.25 0.25
-0.25 0.25 0.50 0.25 0.50 0.25 -0.25 0.25 0.50 0.25 0.25 0.25 0.25
-0.25 0.25 0.50 0.25 0.25 0.25 0.25 -0.25 0.25 0.50 0.50 0.25 0.25
-0.25 0.25 0.50 0.25 0.25 0.25 0.25 -0.25 0.25 0.50 0.50 0.25 0.25
-0.17 0.17 0.17 0.50 0.25 0.25 0.25 0.25 -0.25 0.25 0.50 0.33 0.17 0.33
0.50 0.25 0.25 0.25 0.50 0.25 -0.25 0.25 0.50 0.375 0.375 0.25
0.50 0.25 0.50 0.25 0.25 0.25 0.25 0.25 0.25 0.25 -0.5 0.5