0.50 0.25 0.25 0.50 0.50 0.25 0.25 0.50 0.5 0.5
0.33 0.33 0.33 0.33 0.33 0.33 0.33 0.33 0.33 0.50 0.50 
-0.33 0.33 0.33 0.33 0.33 0.33 0.33 0.33 0.33 0.5 0.5
0.25 0.25 0.50 0.33 0.33 0.33 0.33 0.33 0.33 0.5 0.5
0.33 0.33 0.33 0.33 0.33 0.33 0.50 0.25 0.25 0.25 0.25 0.25 0.25
0.50 0.50 0.5 0.5 0.375 0.375 0.25 0.25 0.25 0.50
0.25 0.25 0.25 0.25 0.50 0.25 0.25 0.25 0.25 0.25 0.25 0.5 0.5
0.50 0.25 0.25 0.25 0.25 0.25 0.25 0.25 0.25 0.25 0.25 0.25 0.25 0.50
0.50 0.25 0.25 0.50 0.50 0.25 0.25 0.50 0.5 0.5
0.33 0.33 0.33 0.33 0.33 0.33 0.33 0.33 0.33 0.50 0.50 
-0.33 0.33 0.33 0.33 0.33 0.33 0.33 0.33 0.33 0.5 0.5
0.25 0.25 0.50 0.33 0.33 0.33 0.33 0.33 0.33 0.5 0.5
0.33 0.33 0.33 0.33 0.33 0.33 0.50 0.25 0.25 0.25 0.25 0.25 0.25
0.50 0.50 0.5 0.5 0.375 0.375 0.25 0.25 0.25 0.50
0.25 0.25 0.25 0.25 0.50 0.25 0.25 0.25 0.25 0.25 0.25 0.5 0.5
0.50 0.25 0.25 0.25 0.25 0.25 0.25 0.25 0.25 0.25 0.25 0.25 0.25 0.50 