0.5 0.5 0.5 0.5 0.5 0.5 0.5 0.5 0.5 0.5 0.5 0.5 1 1 1 1 0.5 0.5 0.5 0.5 0.5 0.5 0.5 0.5 0.5 0.5
0.5 0.5 0.5 0.5 0.5 0.5 1 1 0.5 0.5 0.5 0.5 1 1 0.5 0.5 0.5 0.5 0.5 0.5 0.5 0.5 0.5 0.5 0.5 0.5
0.1 15 0.1 15 0.1 15 0.1 15 0.5 0.5 0.5 0.5 1.5 1.5 1 1 0.5 0.5 0.5 0.5 2 2 0.5 0.5 1 1 0.5 0.5
0.5 0.5 0.5 0.5 0.5 0.5 0.5 0.5 0.5 0.5 1.5 1.5 2 2
0.5 0.5 0.5 0.5 0.5 0.5 0.5 0.5 0.5 0.5 0.5 0.5 0.5 0.5 1 1 0.5 0.5 0.5 0.5 0.5 0.5 0.5 0.5 0.5 0.5
0.5 0.5 0.5 0.5 0.5 0.5 1 1 0.5 0.5 0.5 0.5 1 1 0.5 0.5 0.5 0.5 0.5 0.5 0.5 0.5 0.5 0.5 0.5 0.5
0.1 15 0.1 15 0.1 15 0.1 15 0.5 0.5 0.5 0.5 1.5 1.5 1 1 0.5 0.5 0.5 0.5 2 2 0.5 0.5 1 1 0.5 0.5
0.5 0.5 0.5 0.5 0.5 0.5 0.5 0.5 0.5 0.5 1.5 1.5 2 2
0.5 0.5 0.5 0.5 0.5 0.5 0.5 0.5 0.5 0.5 0.5 0.5 0.5 0.5 1 1 0.5 0.5 0.5 0.5 0.5 0.5 0.5 0.5 0.5 0.5
0.5 0.5 0.5 0.5 0.5 0.5 1 1 0.5 0.5 0.5 0.5 1 1 0.5 0.5 0.5 0.5 0.5 0.5 0.5 0.5 0.5 0.5 0.5 0.5
0.1 15 0.1 15 0.1 15 0.1 15 0.5 0.5 0.5 0.5 1.5 1.5 1 1 0.5 0.5 0.5 0.5 2 2 0.5 0.5 1 1 0.5 0.5
0.5 0.5 0.5 0.5 0.5 0.5 0.5 0.5 0.5 0.5 1.5 1.5 2 2
0.5 0.5 0.5 0.5 0.5 0.5 0.1 15 0.1 15 0.1 15 0.1 15 0.5 0.5 0.5 0.5 0.5 0.5 0.5 0.5 1 1 0.5 0.5 0.5 0.5 1.5 1.5
0.5 0.5 0.5 0.5 0.5 0.5 0.1 15 0.1 15 0.1 15 0.1 15 0.5 0.5 0.5 0.5 0.5 0.5 0.5 0.5 1 1 0.5 0.5 0.5 0.5 1.5 1.5